00001 | 0000225960 | 0000009088 | 0000002396 | 0000003174| 
00276 | 0000124472 | 0000019100 | 0000009456 | 0000012150| 
00300 | 0000047400 | 0000005192 | 0000002688 | 0000002747| 
00914 | 0000146140 | 0000005240 | 0000000236 | 0000000537| 
00915 | 0000071024 | 0000006076 | 0000000844 | 0000001170| 
00939 | 0000181132 | 0000008376 | 0000000356 | 0000000560| 
00941 | 0000263040 | 0000003788 | 0000000888 | 0000000923| 
00942 | 0000052596 | 0000006164 | 0000002168 | 0000002354| 
00958 | 0000032560 | 0000002964 | 0000000148 | 0000000179| 
00959 | 0000563004 | 0000016024 | 0000004840 | 0000005504| 
00963 | 0000360712 | 0000006832 | 0000001176 | 0000001404| 
00964 | 0000045580 | 0000006492 | 0000001440 | 0000001870| 
00966 | 0000047268 | 0000003336 | 0000000268 | 0000000396| 
00969 | 0000070764 | 0000005712 | 0000000516 | 0000000819| 
00970 | 0000110488 | 0000003356 | 0000000228 | 0000000257| 
00972 | 0000004556 | 0000001864 | 0000000192 | 0000000203| 
00975 | 0000171776 | 0000009168 | 0000000012 | 0000000939| 
00976 | 0000036488 | 0000004124 | 0000000728 | 0000000757| 
00978 | 0000289212 | 0000006752 | 0000000740 | 0000000796| 
00984 | 0000503624 | 0000010420 | 0000003224 | 0000003523| 
00986 | 0001452852 | 0000022272 | 0000020996 | 0000021003| 
01048 | 0000047080 | 0000000956 | 0000000004 | 0000000107| 
01057 | 0000298412 | 0000010064 | 0000003340 | 0000003506| 
01097 | 0000188480 | 0000012268 | 0000000028 | 0000001407| 
01122 | 0000302500 | 0000007488 | 0000000984 | 0000001084| 
01135 | 0000072308 | 0000006528 | 0000001536 | 0000002247| 
01140 | 0000251852 | 0000007480 | 0000000280 | 0000000600| 
01195 | 0000501484 | 0000027724 | 0000007040 | 0000009150| 
01197 | 0000019908 | 0000001468 | 0000000096 | 0000000134| 
01236 | 0000077084 | 0000007280 | 0000000848 | 0000001521| 
01237 | 0000259804 | 0000002048 | 0000000004 | 0000000190| 
01249 | 0001422428 | 0000139564 | 0000133872 | 0000134270| 
01252 | 0000192108 | 0000005580 | 0000000580 | 0000000621| 
01254 | 0000050356 | 0000004712 | 0000000924 | 0000001025| 
01299 | 0000553652 | 0000013988 | 0000002412 | 0000002747| 
01319 | 0000538176 | 0000012716 | 0000002028 | 0000002280| 
01376 | 0000056948 | 0000002420 | 0000000452 | 0000000490| 
01378 | 0000056948 | 0000002420 | 0000000452 | 0000000492| 
01415 | 0004038264 | 0000156280 | 0000101096 | 0000109698| 
01471 | 0000317428 | 0000009392 | 0000002284 | 0000002438| 
01503 | 0001158692 | 0000033712 | 0000019928 | 0000021003| 
01637 | 0000349408 | 0000006468 | 0000000792 | 0000000862| 
01642 | 0000049928 | 0000004084 | 0000000476 | 0000000572| 
01644 | 0000220772 | 0000007060 | 0000000820 | 0000000912| 
01651 | 0001581156 | 0000015976 | 0000003996 | 0000005082| 
01652 | 0000183512 | 0000003032 | 0000000380 | 0000000402| 
01797 | 0000355820 | 0000008052 | 0000001404 | 0000001537| 
01800 | 0000275196 | 0000006800 | 0000000732 | 0000000817| 
01802 | 0000266012 | 0000005740 | 0000000600 | 0000000646| 
01804 | 0000708884 | 0000029816 | 0000007592 | 0000008244| 
01809 | 0000273008 | 0000006976 | 0000000692 | 0000000768| 
01817 | 0000291296 | 0000007272 | 0000000976 | 0000001041| 
01822 | 0000859800 | 0000031236 | 0000008260 | 0000008976| 
01823 | 0000442344 | 0000062272 | 0000050040 | 0000050931| 
01826 | 0000272800 | 0000006384 | 0000000716 | 0000000768| 
01829 | 0000708564 | 0000029652 | 0000007600 | 0000008283| 
01832 | 0001106948 | 0000032116 | 0000008596 | 0000009543| 
01833 | 0000388072 | 0000013740 | 0000001948 | 0000002171| 
01834 | 0000278096 | 0000006500 | 0000000672 | 0000000739| 
01838 | 0000863124 | 0000030476 | 0000007908 | 0000008607| 
01844 | 0001223412 | 0000032500 | 0000008356 | 0000009350| 
01848 | 0000196352 | 0000005740 | 0000000588 | 0000000633| 
01849 | 0001155068 | 0000033672 | 0000008956 | 0000009864| 
01852 | 0000261368 | 0000009256 | 0000001220 | 0000001386| 
01853 | 0000196372 | 0000005808 | 0000000600 | 0000000656| 
01857 | 0000270088 | 0000006024 | 0000000652 | 0000000706| 
01859 | 0000299756 | 0000008952 | 0000001124 | 0000001413| 
01863 | 0000372712 | 0000007112 | 0000001040 | 0000001131| 
01867 | 0000327504 | 0000008728 | 0000001116 | 0000001228| 
01871 | 0000793724 | 0000030908 | 0000008508 | 0000009201| 
01882 | 0000199340 | 0000006968 | 0000000720 | 0000000796| 
02081 | 0000319272 | 0000013920 | 0000004988 | 0000005358| 
02177 | 0000406316 | 0000010356 | 0000002636 | 0000002998| 
02264 | 0000077328 | 0000008200 | 0000001792 | 0000002483| 
02265 | 0000259804 | 0000003580 | 0000001532 | 0000001720| 
02278 | 0000430448 | 0000008440 | 0000002372 | 0000002694| 
02283 | 0000206444 | 0000006072 | 0000000668 | 0000000714| 
02285 | 0001079656 | 0000163868 | 0000076144 | 0000113315| 
02303 | 0000051888 | 0000006300 | 0000002548 | 0000002650| 
02306 | 0000563472 | 0000015484 | 0000003048 | 0000003486| 
02393 | 0000011312 | 0000001216 | 0000000320 | 0000000360| 
02399 | 0000349452 | 0000006552 | 0000000784 | 0000000866| 
02404 | 0000050064 | 0000004488 | 0000000656 | 0000000758| 
02406 | 0000220792 | 0000007108 | 0000000832 | 0000000926| 
02423 | 0000360052 | 0000007328 | 0000001056 | 0000001163| 
02428 | 0000416120 | 0000006116 | 0000000936 | 0000000978| 
02459 | 0004141872 | 0000355512 | 0000296492 | 0000306045| 
02472 | 0002515656 | 0000020320 | 0000004820 | 0000007167| 
02516 | 0000358684 | 0000011544 | 0000004896 | 0000005028| 
02517 | 0000266008 | 0000005864 | 0000000612 | 0000000660| 
02522 | 0000616056 | 0000017888 | 0000003508 | 0000004273| 
02528 | 0000275212 | 0000006952 | 0000000808 | 0000000907| 
02530 | 0000338952 | 0000021516 | 0000004828 | 0000005144| 
02532 | 0000273008 | 0000006900 | 0000000804 | 0000000878| 
02546 | 0000188152 | 0000005424 | 0000000980 | 0000001035| 
02552 | 0000301104 | 0000009628 | 0000002124 | 0000002330| 
02558 | 0000283108 | 0000006808 | 0000000976 | 0000001052| 
02562 | 0000373164 | 0000007828 | 0000001180 | 0000001289| 
02570 | 0001301352 | 0000024636 | 0000005080 | 0000006051| 
02571 | 0000268388 | 0000006268 | 0000000812 | 0000000882| 
02575 | 0000778400 | 0000028112 | 0000006272 | 0000009698| 
02588 | 0000297960 | 0000008228 | 0000001444 | 0000001556| 
02593 | 0000275016 | 0000006888 | 0000000944 | 0000001002| 
02632 | 0000793360 | 0000025756 | 0000006296 | 0000006936| 
02633 | 0000343680 | 0000010292 | 0000001472 | 0000001707| 
02634 | 0000417700 | 0000006124 | 0000000800 | 0000000861| 
02635 | 0000270088 | 0000005888 | 0000000716 | 0000000765| 
02640 | 0000447632 | 0000010276 | 0000002028 | 0000002383| 
02651 | 0000489756 | 0000023068 | 0000005572 | 0000005929| 
02652 | 0000372728 | 0000007248 | 0000001076 | 0000001176| 
02653 | 0000327516 | 0000008656 | 0000001196 | 0000001310| 
02654 | 0000423372 | 0000022048 | 0000005504 | 0000005833| 
02666 | 0000338636 | 0000020912 | 0000004840 | 0000005134| 
02667 | 0000272816 | 0000006320 | 0000000752 | 0000000805| 
02670 | 0000464396 | 0000014636 | 0000002096 | 0000002343| 
02671 | 0000736880 | 0000023800 | 0000005952 | 0000006579| 
02674 | 0000501628 | 0000022396 | 0000005196 | 0000005547| 
02675 | 0000360148 | 0000008996 | 0000002096 | 0000002204| 
02676 | 0000272820 | 0000006392 | 0000000784 | 0000000838| 
02680 | 0001125952 | 0000024972 | 0000005772 | 0000006501| 
02728 | 0000503120 | 0000013368 | 0000001968 | 0000002202| 
02865 | 0000271940 | 0000006684 | 0000001500 | 0000001599| 
02867 | 0000832040 | 0000046784 | 0000014284 | 0000016500| 
02872 | 0000367780 | 0000008000 | 0000001224 | 0000001338| 
02886 | 0000887008 | 0000061212 | 0000040424 | 0000041570| 
02903 | 0000199472 | 0000007164 | 0000000936 | 0000001011| 
02913 | 0000362744 | 0000008964 | 0000001584 | 0000001754| 
02943 | 0001130760 | 0000057408 | 0000040428 | 0000041448| 
02956 | 0000727416 | 0000019580 | 0000003628 | 0000004393| 
02968 | 0000864404 | 0000020928 | 0000003988 | 0000004951| 
02981 | 0000199284 | 0000006524 | 0000001220 | 0000001292| 
02984 | 0000770220 | 0000015568 | 0000003768 | 0000004144| 
02992 | 0000427912 | 0000009028 | 0000001464 | 0000001730| 
03008 | 0000326604 | 0000013504 | 0000003136 | 0000003626| 
03225 | 0000592116 | 0000027788 | 0000005652 | 0000006363| 
03241 | 0001343124 | 0000193912 | 0000161720 | 0000163554| 
03300 | 0000791772 | 0000028836 | 0000006492 | 0000009972| 
07508 | 0004196972 | 0000520392 | 0000339984 | 0000383150| 
07677 | 0003563208 | 0000539444 | 0000399840 | 0000419202| 
07751 | 0002718272 | 0000154856 | 0000057044 | 0000065062| 
07788 | 0002613192 | 0000114192 | 0000028424 | 0000034651| 
07949 | 0003673780 | 0000584944 | 0000428552 | 0000456616| 
08276 | 0000370360 | 0000043180 | 0000009208 | 0000011790| 
10301 | 0000187912 | 0000005220 | 0000000652 | 0000000709| 
11593 | 0000011312 | 0000003324 | 0000000484 | 0000001152| 
15658 | 0000255768 | 0000008500 | 0000001312 | 0000001597| 
18062 | 0000365024 | 0000008560 | 0000001272 | 0000001412| 
18092 | 0000375636 | 0000008076 | 0000001204 | 0000001343| 
18107 | 0000726292 | 0000062552 | 0000029088 | 0000031148| 
18118 | 0000059004 | 0000008216 | 0000003988 | 0000004368| 
19802 | 0002397340 | 0000661584 | 0000610788 | 0000621105| 
02480 | 0001376964 | 0000243740 | 0000208992 | 0000213912| 
02505 | 0000274604 | 0000028288 | 0000019488 | 0000019717| 
03558 | 0001384172 | 0000102580 | 0000066612 | 0000071785| 
03565 | 0000187744 | 0000005196 | 0000000632 | 0000000666| 
06078 | 0000503804 | 0000015760 | 0000000344 | 0000001817| 
06079 | 0000503804 | 0000015704 | 0000000244 | 0000001759| 
06080 | 0000503804 | 0000015704 | 0000000244 | 0000001759| 
06081 | 0000503804 | 0000015704 | 0000000244 | 0000001759| 
06082 | 0000503804 | 0000015704 | 0000000244 | 0000001759| 
06083 | 0000503804 | 0000015704 | 0000000244 | 0000001759| 
06084 | 0000102200 | 0000008396 | 0000002008 | 0000002232| 
06085 | 0000303536 | 0000011412 | 0000001876 | 0000002204| 
09359 | 0002863440 | 0000213056 | 0000103368 | 0000114087| 
09509 | 0002888680 | 0000186100 | 0000072824 | 0000083262| 
09718 | 0002699180 | 0000165572 | 0000060976 | 0000069735| 
09745 | 0002618800 | 0000122392 | 0000027028 | 0000034202| 
12874 | 0000750948 | 0000163452 | 0000130124 | 0000133388| 
12925 | 0002940836 | 0000207928 | 0000090012 | 0000102345| 
12953 | 0002741816 | 0000194080 | 0000090936 | 0000099805| 
17890 | 0000025988 | 0000006308 | 0000002436 | 0000002749| 
18865 | 0000055620 | 0000006848 | 0000002660 | 0000003025| 
19050 | 0000055612 | 0000006888 | 0000002688 | 0000003052| 
20305 | 0002952224 | 0000160776 | 0000078060 | 0000103688| 
20310 | 0000388156 | 0000044248 | 0000000064 | 0000011353| 
20312 | 0000388156 | 0000011088 | 0000000064 | 0000004272| 
20341 | 0000996092 | 0000074088 | 0000023728 | 0000035839| 
20397 | 0000787396 | 0000092976 | 0000014972 | 0000041367| 
20449 | 0003389252 | 0000441128 | 0000354300 | 0000383524| 
21118 | 0000212212 | 0000006320 | 0000001164 | 0000001374| 
21136 | 0001183096 | 0000200448 | 0000165168 | 0000167621| 
21279 | 0000456292 | 0000061396 | 0000026868 | 0000029719| 
22415 | 0000055716 | 0000006976 | 0000002760 | 0000003136| 
22617 | 0000008848 | 0000001888 | 0000000120 | 0000000134| 
